s_km grade_pct
0.0000 0.0206
0.0500 0.0342
0.1000 0.0327
0.1500 0.0227
0.2000 0.0263
0.2500 0.0416
0.3000 0.0556
0.3500 0.0740
0.4000 0.1014
0.4500 0.1375
0.5000 0.1495
0.5500 0.1337
0.6000 0.1131
0.6500 0.0962
0.7000 0.1260
0.7500 0.1764
0.8000 0.2243
0.8500 0.2630
0.9000 0.2864
0.9500 0.3029
1.0000 0.3089
1.0500 0.3146
1.1000 0.3975
1.1500 0.4786
1.2000 0.5376
1.2500 0.5893
1.3000 0.6165
1.3500 0.5954
1.4000 0.5645
1.4500 0.5168
1.5000 0.5023
1.5500 0.5259
1.6000 0.5908
1.6500 0.6390
1.7000 0.6493
1.7500 0.6355
1.8000 0.6076
1.8500 0.5758
1.9000 0.6126
1.9500 0.7045
2.0000 0.8045
2.0500 0.7961
2.1000 0.7443
2.1500 0.6790
2.2000 0.6244
2.2500 0.5755
2.3000 0.5161
2.3500 0.4757
2.4000 0.4679
2.4500 0.4809
2.5000 0.4867
2.5500 0.4845
2.6000 0.4753
2.6500 0.4693
2.7000 0.4710
2.7500 0.4943
2.8000 0.5941
2.8500 0.6128
2.9000 0.5818
2.9500 0.5478
3.0000 0.5450
3.0500 0.5779
3.1000 0.6030
3.1500 0.6090
3.2000 0.5979
3.2500 0.5774
3.3000 0.5620
3.3500 0.5539
3.4000 0.5674
3.4500 0.6197
3.5000 0.6759
3.5500 0.7115
3.6000 0.6717
3.6400 0.5611
3.6900 0.4642
3.7300 0.3600
3.7800 0.2686
3.8300 0.1955
3.8800 0.1337
3.9300 0.0704
3.9800 0.0028
4.0300 -0.0585
4.0800 -0.1252
4.1300 -0.0997
4.1800 -0.0172
4.2300 0.1086
4.2800 0.2645
4.3300 0.4234
4.3800 0.5251
4.4300 0.5329
4.4800 0.5657
4.5300 0.6547
4.5800 0.7125
4.6300 0.7722
4.6800 0.8027
4.7300 0.7952
4.7800 0.7573
4.8300 0.7050
4.8800 0.6181
4.9300 0.5953
4.9800 0.6936
5.0300 0.7624
5.0800 0.7995
5.1300 0.8057
5.1800 0.7779
5.2200 0.7176
5.2700 0.6441
5.3200 0.6577
5.3700 0.7378
5.4200 0.8100
5.4700 0.8607
5.5200 0.7604
5.5700 0.7547
5.6200 0.7882
5.6700 0.8303
5.7200 0.8432
5.7700 0.9159
5.8200 0.9810
5.8700 1.0065
5.9200 0.9964
5.9700 0.9517
6.0200 0.8676
6.0700 0.7593
6.1200 0.6836
6.1700 0.6728
6.2200 0.7258
6.2700 0.7437
6.3200 0.6439
6.3700 0.5478
6.4200 0.5131
6.4700 0.5371
6.5200 0.5752
6.5700 0.6300
6.6200 0.7213
6.6700 0.7826
6.7200 0.8137
6.7700 0.8175
6.8200 0.8214
6.8700 0.8098
6.9200 0.7835
6.9700 0.7450
7.0200 0.8053
7.0700 0.8363
7.1200 0.8152
7.1700 0.7638
7.2200 0.6911
7.2700 0.5953
7.3200 0.4787
7.3700 0.3963
7.4200 0.4055
7.4700 0.4298
7.5200 0.4494
7.5700 0.4424
7.6200 0.4929
7.6700 0.4496
7.7200 0.4336
7.7700 0.4140
7.8200 0.5037
7.8700 0.6051
7.9200 0.6682
7.9700 0.6987
8.0200 0.7662
8.0700 0.8430
8.1200 0.8946
8.1700 0.9221
8.2200 1.0133
8.2700 1.0841
8.3200 1.1153
8.3700 1.1368
8.4200 1.1670
8.4700 1.0908
8.5200 0.9676
8.5700 0.8330
8.6200 0.8070
8.6700 0.8135
8.7200 0.7966
8.7700 0.7141
8.8200 0.6632
8.8700 0.6219
8.9200 0.5883
8.9700 0.5448
9.0200 0.5418
9.0700 0.5442
9.1200 0.5005
9.1700 0.4671
9.2200 0.4497
9.2700 0.4763
9.3200 0.4779
9.3700 0.4461
9.4200 0.4585
9.4700 0.5086
9.5200 0.5487
9.5700 0.5703
9.6200 0.5755
9.6700 0.5586
9.7200 0.5305
9.7700 0.4888
9.8200 0.4320
9.8700 0.3818
9.9200 0.3340
9.9700 0.2687
10.0200 0.2004
10.0700 0.2132
10.1200 0.2765
10.1700 0.3324
10.2200 0.3851
10.2700 0.4291
10.3200 0.4561
10.3700 0.4684
10.4200 0.4638
10.4700 0.4412
10.5200 0.4001
10.5700 0.2876
10.6200 0.1895
10.6700 0.1614
10.7200 0.1477
10.7700 0.1623
10.8200 0.1819
10.8700 0.1989
10.9200 0.2690
10.9700 0.3576
11.0200 0.4458
11.0700 0.5269
11.1200 0.5895
11.1700 0.6348
11.2200 0.6622
11.2700 0.6702
11.3200 0.6566
11.3700 0.5835
11.4200 0.4055
11.4700 0.3243
11.5200 0.2681
11.5700 0.2268
11.6200 0.1984
11.6700 0.1815
11.7200 0.1826
11.7700 0.1977
11.8200 0.2052
11.8700 0.2030
11.9200 0.1892
11.9700 0.1625
12.0200 0.1246
12.0700 0.0425
12.1200 -0.0393
12.1700 -0.0835
12.2200 -0.0994
12.2700 -0.0917
12.3200 -0.0352
12.3700 0.0197
12.4200 0.0660
12.4700 0.1408
12.5100 0.2420
12.5600 0.3385
12.6054 0.4185
12.6500 0.4825
12.7000 0.5509
12.7500 0.6100
12.8000 0.6884
12.8500 0.7500
12.9000 0.7320
12.9500 0.7201
13.0000 0.7168
13.0500 0.7228
13.1000 0.7410
13.1500 0.7618
13.2000 0.7970
13.2500 0.8276
13.3000 0.8564
13.3500 0.8600
13.4000 0.8416
13.4500 0.8105
13.5000 0.7665
13.5500 0.7527
13.6000 0.7827
13.6500 0.8450
13.7000 0.8716
13.7500 0.8676
13.8000 0.8367
13.8500 0.7935
13.9000 0.7595
13.9500 0.7390
14.0000 0.7754
14.0500 0.8237
14.1000 0.8368
14.1500 0.8235
14.2000 0.7866
14.2500 0.7451
14.3000 0.6731
14.3500 0.6052
14.4000 0.5738
14.4500 0.5362
14.5000 0.4799
14.5500 0.4133
14.6000 0.3411
14.6500 0.2588
14.7000 0.2092
14.7500 0.2221
14.8000 0.2748
14.8500 0.3349
14.9000 0.3807
14.9500 0.4133
15.0000 0.4326
15.0500 0.4462
15.1000 0.4567
15.1500 0.4630
15.2000 0.4400
15.2500 0.4004
15.3000 0.3433
15.3500 0.2772
15.4000 0.2113
15.4500 0.1381
15.5000 0.0633
15.5500 0.0334
15.6000 0.0272
15.6500 -0.0544
15.7000 -0.0682
15.7500 -0.0014
15.8000 0.1155
15.8500 0.2193
15.9000 0.3233
15.9500 0.4297
16.0000 0.5125
16.0500 0.5781
16.0900 0.6326
16.1400 0.7261
16.1800 0.8284
16.2300 0.8960
16.2800 0.9297
16.3300 0.9327
16.3800 0.9015
16.4300 0.8011
16.4800 0.7327
16.5300 0.7518
16.5800 0.8109
16.6300 0.8433
16.6800 0.8477
16.7300 0.8250
16.7800 0.7740
16.8300 0.7055
16.8800 0.6414
16.9300 0.6054
16.9800 0.5954
17.0300 0.5513
17.0800 0.4784
17.1300 0.3829
17.1800 0.2618
17.2300 0.1362
17.2800 0.0727
17.3300 0.0491
17.3800 0.0256
17.4300 0.0171
17.4800 0.0475
17.5300 0.0874
17.5800 0.1200
17.6300 0.1484
17.6800 0.2009
17.7300 0.2623
17.7800 0.3299
17.8300 0.3930
17.8800 0.4332
17.9300 0.4491
17.9800 0.4477
18.0300 0.4594
18.0800 0.5015
18.1300 0.5320
18.1800 0.5395
18.2300 0.5359
18.2800 0.5501
18.3300 0.5680
18.3800 0.5721
18.4300 0.5615
18.4800 0.5454
18.5300 0.5171
18.5800 0.4768
18.6300 0.4375
18.6800 0.3900
18.7300 0.3823
18.7800 0.3730
18.8300 0.3664
18.8800 0.3836
18.9300 0.4121
18.9800 0.4436
19.0300 0.4890
19.0800 0.5225
19.1300 0.5548
19.1800 0.5753
19.2300 0.5848
19.2800 0.6173
19.3300 0.6483
19.3800 0.6619
19.4300 0.6586
19.4800 0.6395
19.5300 0.6580
19.5800 0.6978
19.6300 0.7311
19.6800 0.7536
19.7200 0.7628
19.7700 0.7639
19.8200 0.7679
19.8700 0.7608
19.9200 0.7507
19.9700 0.7346
20.0200 0.7608
20.0700 0.8244
20.1200 0.8754
20.1700 0.8988
20.2200 0.9018
20.2700 0.8876
20.3200 0.8593
20.3600 0.8152
20.4100 0.7570
20.4600 0.6834
20.5100 0.5879
20.5600 0.4820
20.6100 0.3716
20.6600 0.2584
20.7100 0.1446
20.7600 0.0328
20.8100 -0.0351
20.8600 -0.0312
20.9100 0.0171
20.9600 0.0857
21.0100 0.1614
21.0600 0.2441
21.1100 0.3256
21.1600 0.4014
21.2100 0.4665
21.2600 0.5156
21.3100 0.5511
21.3600 0.5694
21.4100 0.5878
21.4600 0.6102
21.5100 0.6287
21.5600 0.6416
21.6100 0.6504
21.6600 0.6509
21.7100 0.6645
21.7600 0.6927
21.8100 0.7107
21.8600 0.7210
