s_km grade_pct
0.0000 -1.2273
0.0600 -1.1971
0.1200 -1.1272
0.1724 -0.9612
0.2300 -0.6227
0.2900 -0.2078
0.3500 -0.0085
0.4000 0.2124
0.4500 0.4804
0.5100 0.5235
0.5700 0.3349
0.6300 0.1651
0.6800 0.0850
0.7400 0.0814
0.8000 0.1456
0.8500 0.1000
0.9100 -0.0177
0.9700 -0.1611
1.0300 -0.3848
1.0900 -0.6071
1.1500 -0.7599
1.2100 -0.7814
1.2700 -0.9348
1.3300 -1.0853
1.3900 -1.1532
1.4500 -1.1207
1.5100 -1.0037
1.5700 -0.8088
1.6300 -0.6376
1.6800 -0.4373
1.7400 -0.2023
1.8000 -0.0021
1.8600 0.1246
1.9200 0.2242
1.9800 0.3581
2.0300 0.4833
2.0900 0.3792
2.1500 0.2801
2.2100 0.1894
2.2700 0.1144
2.3300 0.0686
2.3800 0.0460
2.4400 0.0451
2.5000 -0.0493
2.5600 -0.1918
2.6100 -0.3042
2.6700 -0.3684
2.7300 -0.3874
2.7900 -0.3524
2.8500 -0.2815
2.9100 -0.1794
2.9600 -0.0541
3.0200 0.0592
3.0800 0.1618
3.1400 0.2288
3.2000 0.2553
3.2600 0.2269
3.3200 0.0857
3.3700 -0.1087
3.4300 -0.2848
3.4900 -0.4318
3.5500 -0.5378
3.6100 -0.6024
3.6700 -0.6810
3.7300 -0.7482
3.7900 -0.7525
3.8500 -0.6878
3.9100 -0.5038
3.9700 -0.3195
4.0300 -0.1477
4.0900 0.0170
4.1500 0.1582
4.2100 0.2737
4.2600 0.3209
4.3100 0.4071
4.3700 0.5189
4.4300 0.5158
4.4900 0.4000
4.5500 0.2612
4.6100 0.1440
4.6700 0.1104
4.7300 0.1297
4.7900 0.1487
4.8500 0.1430
4.9100 0.0864
4.9700 -0.0890
5.0300 -0.2818
5.0900 -0.4980
5.1500 -0.5190
5.2100 -0.4976
5.2700 -0.4914
5.3300 -0.4657
5.3900 -0.4403
5.4500 -0.4586
5.5100 -0.3770
5.5700 -0.1955
5.6300 0.0396
5.6900 0.2581
5.7500 0.4163
5.8100 0.4332
5.8600 0.3971
5.9200 0.3500
5.9744 0.3459
6.0300 0.3186
6.0900 0.1826
6.1500 0.0047
6.2100 -0.2968
6.2700 -0.5977
6.3300 -0.7841
6.3900 -0.8520
6.4500 -0.8465
6.5100 -0.7148
6.5600 -0.5073
6.6200 -0.2641
6.6800 -0.0261
6.7400 0.1515
6.8000 0.2628
6.8500 0.3835
6.9100 0.4641
6.9700 0.4405
7.0300 0.3806
7.0900 0.2857
7.1500 0.1525
7.2100 -0.0139
7.2700 -0.1684
7.3300 -0.2587
7.3900 -0.3173
7.4500 -0.4078
7.5100 -0.5883
7.5700 -0.7777
7.6300 -0.8457
7.6900 -0.7552
7.7500 -0.5725
7.8100 -0.3837
7.8700 -0.2410
7.9200 -0.1855
7.9800 -0.1605
8.0400 -0.1428
8.0917 -0.1131
8.1500 -0.0742
8.2100 -0.0653
8.2700 -0.1338
8.3200 -0.2486
8.3800 -0.3048
8.4400 -0.2982
8.5000 -0.2266
8.5600 -0.1292
8.6200 -0.0383
8.6800 -0.0207
8.7300 -0.1090
8.7900 -0.2425
8.8500 -0.3572
8.9100 -0.4479
8.9700 -0.5114
9.0300 -0.5576
9.0900 -0.5986
9.1500 -0.6568
9.2100 -0.7347
9.2700 -0.7833
9.3300 -0.7983
9.3900 -0.7731
9.4500 -0.6954
9.5100 -0.7317
9.5700 -0.6724
9.6300 -0.6388
9.6900 -0.6898
9.7500 -0.7155
9.8100 -0.6972
9.8700 -0.6625
9.9300 -0.5782
9.9900 -0.4823
10.0500 -0.4043
10.1100 -0.3260
10.1700 -0.2707
10.2300 -0.2113
10.2900 -0.1891
10.3500 -0.3336
10.4100 -0.3459
10.4700 -0.3479
10.5300 -0.3989
10.5900 -0.4465
10.6500 -0.5038
10.7100 -0.5493
10.7700 -0.5798
10.8300 -0.4832
10.8900 -0.3043
10.9500 -0.1126
11.0100 0.0633
11.0700 0.2339
11.1300 0.3059
11.1900 0.2374
11.2500 0.2265
11.3100 0.1741
11.3700 0.0885
11.4300 0.0018
11.4900 -0.0979
11.5500 -0.2894
11.6100 -0.6025
11.6700 -0.7598
11.7300 -0.8299
11.7900 -0.8302
11.8500 -0.7708
11.9100 -0.6629
11.9600 -0.5143
12.0200 -0.3401
12.0800 -0.1508
12.1400 0.0001
12.2000 0.1518
12.2600 0.2611
12.3200 0.3409
12.3800 0.2210
12.4400 0.0493
12.5000 -0.1026
12.5500 -0.2315
12.6100 -0.3348
12.6700 -0.4094
12.7300 -0.4595
12.7900 -0.5008
12.8500 -0.5180
12.9100 -0.5027
12.9700 -0.4582
13.0300 -0.4214
13.0900 -0.3892
13.1500 -0.3692
13.2100 -0.3924
13.2700 -0.4173
13.3300 -0.4348
13.3900 -0.4327
13.4500 -0.4061
13.5100 -0.3547
13.5700 -0.2999
13.6300 -0.2509
13.6900 -0.2259
13.7500 -0.2384
13.8100 -0.2633
13.8700 -0.3051
13.9300 -0.3296
13.9900 -0.3116
14.0500 -0.2680
14.1100 -0.2275
14.1700 -0.1851
14.2300 -0.1317
14.2900 -0.0641
14.3500 0.0149
14.4100 0.0993
14.4700 0.1801
14.5300 0.2043
14.5900 0.1912
14.6500 0.1414
14.7100 0.0481
14.7700 -0.0859
14.8300 -0.2090
14.8900 -0.3115
14.9500 -0.3918
15.0100 -0.4494
15.0700 -0.4770
15.1300 -0.4734
15.1900 -0.4307
15.2500 -0.3496
15.3100 -0.2464
15.3700 -0.1339
15.4300 -0.0210
15.4900 0.0830
15.5500 0.1515
15.6100 0.1679
15.6700 0.1700
15.7300 0.1589
15.7900 0.1402
15.8500 0.1180
15.9100 0.0850
15.9700 0.0519
16.0300 0.0332
16.0900 0.0268
16.1500 0.0282
16.2100 0.0332
16.2700 0.0408
16.3300 0.0498
16.3900 0.0559
16.4500 0.0606
16.5100 0.0632
16.5700 0.0639
16.6300 0.0628
16.6900 0.0591
16.7500 0.0512
16.8100 0.0352
16.8700 -0.0027
16.9300 -0.0782
16.9900 -0.1520
17.0500 -0.2105
17.1100 -0.2568
17.1700 -0.2943
17.2300 -0.3131
17.2900 -0.3132
17.3500 -0.3019
17.4100 -0.2800
17.4700 -0.2415
17.5300 -0.1871
17.5900 -0.1180
17.6500 -0.0445
17.7100 0.0009
17.7700 0.0128
17.8300 0.0249
17.8900 0.0342
17.9500 0.0374
18.0100 0.0334
18.0700 0.0340
18.1300 0.0324
18.1900 0.0247
18.2500 0.0078
18.3100 -0.0088
18.3700 -0.0259
18.4300 -0.0404
18.4900 -0.0561
18.5500 -0.0759
18.6100 -0.1083
18.6700 -0.1695
18.7300 -0.2597
18.7900 -0.3431
18.8500 -0.4059
18.9100 -0.4320
18.9700 -0.4325
19.0300 -0.4235
19.0900 -0.4029
19.1500 -0.3685
19.2100 -0.3210
19.2700 -0.2613
19.3300 -0.1913
19.3900 -0.1073
19.4500 -0.0379
19.5000 -0.0165
19.5600 -0.0136
19.6200 -0.0498
19.6800 -0.2229
19.7400 -0.2630
19.8000 -0.2414
19.8600 -0.1685
19.9200 -0.0699
19.9708 -0.0471
20.0300 -0.0259
20.0833 -0.0097
20.1400 -0.0248
20.2000 -0.0712
20.2500 -0.1407
20.3100 -0.2058
20.3700 -0.2304
20.4300 -0.3651
20.4900 -0.5272
20.5500 -0.5955
20.6100 -0.5907
20.6700 -0.5122
20.7300 -0.4153
20.7900 -0.4032
20.8500 -0.3802
20.9100 -0.3712
20.9700 -0.3907
21.0300 -0.4324
21.0900 -0.4692
21.1500 -0.4944
21.2100 -0.4969
21.2700 -0.4750
21.3300 -0.4286
21.3900 -0.3586
21.4500 -0.2781
21.5100 -0.1929
21.5700 -0.1286
21.6300 -0.1178
21.6900 -0.1432
21.7500 -0.1847
21.8100 -0.2256
21.8700 -0.2647
21.9300 -0.3074
21.9900 -0.3540
22.0500 -0.3994
22.1100 -0.4312
22.1700 -0.4435
22.2300 -0.4434
22.2900 -0.4454
22.3500 -0.4369
22.4100 -0.4208
22.4700 -0.4041
22.5300 -0.3783
22.5900 -0.3420
22.6500 -0.3035
22.7100 -0.2700
22.7700 -0.2510
22.8300 -0.2519
22.8900 -0.2700
22.9500 -0.3041
23.0100 -0.3355
23.0700 -0.3695
23.1300 -0.3917
23.1900 -0.4335
23.2500 -0.5046
23.3100 -0.5682
23.3700 -0.6110
23.4300 -0.6326
23.4900 -0.6310
23.5500 -0.6160
23.6100 -0.5901
23.6700 -0.5536
23.7300 -0.5330
23.7900 -0.5370
23.8500 -0.5244
23.9100 -0.5033
23.9700 -0.4788
24.0300 -0.4853
24.0900 -0.5038
24.1500 -0.5145
24.2100 -0.5144
24.2700 -0.4974
24.3300 -0.4579
24.3900 -0.4108
24.4500 -0.3413
24.5100 -0.2590
24.5700 -0.1940
24.6300 -0.1347
24.6900 -0.0849
24.7500 -0.0564
24.8100 -0.0433
24.8700 -0.0322
24.9300 -0.0194
24.9900 -0.0102
25.0500 -0.0098
25.1100 -0.0299
25.1700 -0.0623
25.2300 -0.1033
25.2900 -0.1511
25.3500 -0.1903
25.4100 -0.2188
25.4700 -0.2365
25.5300 -0.2430
25.5900 -0.2377
25.6500 -0.2217
25.7100 -0.1945
25.7700 -0.1563
25.8300 -0.1078
25.8900 -0.0622
25.9500 -0.0307
26.0100 0.0048
26.0700 0.0636
26.1300 0.1229
26.1900 0.1374
26.2500 0.1197
26.3100 0.0739
26.3700 0.0106
26.4300 -0.0712
26.4900 -0.1712
26.5500 -0.2880
26.6100 -0.3975
26.6700 -0.4430
26.7284 -0.4512
