s_km grade_pct
0.0000 -0.3228
0.1100 0.7129
0.2200 1.6439
0.3300 2.3809
0.4200 2.4992
0.5300 2.4992
0.6400 2.4992
0.7300 1.8639
0.8400 1.5229
0.9500 1.7553
1.0600 1.7779
1.1700 1.7009
1.2800 1.4374
1.3900 1.4364
1.5000 1.3776
1.6100 1.2334
1.7200 1.1703
1.8300 1.2115
1.9400 1.0666
2.0500 0.7323
2.1600 0.5550
2.2700 0.5481
2.3800 0.5763
2.4900 0.5997
2.5900 0.6619
2.6831 0.6952
2.7900 0.7459
2.9000 0.7474
3.0100 0.8370
3.1200 0.9267
3.2300 1.0241
3.3400 1.0182
3.4500 0.8925
3.5600 0.6578
3.6700 0.3706
3.7800 0.1269
3.8900 -0.0037
4.0000 -0.0457
4.1100 -0.0185
4.2200 0.0241
4.3300 0.0654
4.4400 0.1012
4.5500 0.1275
4.6600 0.1417
4.7700 0.1518
4.8800 0.1469
4.9900 0.1293
5.1000 0.1003
5.2100 0.0612
5.3200 -0.0064
5.4300 -0.1518
5.5400 -0.0586
5.6500 0.2413
5.7600 0.5655
5.8700 0.7738
5.9800 0.8978
6.0900 1.0255
6.2000 0.9685
6.3100 0.7152
6.4200 0.6090
6.5300 0.7210
6.6400 0.7717
6.7500 0.6778
6.8600 0.5915
6.9700 0.6497
7.0800 0.6679
7.1900 0.5896
7.3000 0.5484
7.4100 0.5660
7.5200 0.5366
7.6300 0.4167
7.7300 0.3081
7.8400 0.2466
7.9500 0.1942
8.0600 0.1728
8.1700 0.2348
8.2800 0.3064
8.3900 0.3420
8.5000 0.3333
8.6100 0.2789
8.7200 0.2105
8.8300 0.1942
8.9400 0.3222
9.0500 0.4694
9.1600 0.5525
9.2700 0.6046
9.3800 0.6248
9.4900 0.6040
9.6000 0.5619
9.7100 0.6023
9.8200 0.7017
9.9300 0.7455
10.0400 0.7328
10.1500 0.7981
10.2600 0.8418
10.3700 0.8185
10.4800 0.7511
10.5900 0.6663
10.7000 0.5110
10.8100 0.2606
10.9200 0.0704
11.0300 -0.0331
11.1400 -0.0936
11.2500 -0.0708
11.3600 0.0179
11.4700 0.0723
11.5800 0.0094
11.6900 -0.0640
11.8000 -0.0881
11.9100 -0.0989
12.0200 -0.0441
12.1300 -0.9624
12.2400 -0.5395
12.3500 -0.2368
12.4600 0.0972
12.5700 0.8884
12.6800 1.7836
12.7900 2.4992
12.9000 2.4266
13.0100 2.1957
13.1200 1.8171
13.2300 1.1494
13.3400 0.5495
13.4500 0.3934
13.5600 0.3738
13.6700 0.6288
13.7800 1.0309
13.8900 1.3259
14.0000 1.4308
14.1100 1.5148
14.2200 1.2705
14.3300 0.9927
14.4400 0.6856
14.5500 0.4729
14.6600 0.3188
14.7700 0.2968
14.8800 0.3404
14.9900 0.4024
15.1000 0.7396
15.2100 1.2880
15.3200 1.5152
15.4300 1.6890
15.5400 1.6276
15.6500 1.6705
15.7600 1.5127
15.8700 1.2535
15.9800 1.2385
16.0900 1.0611
16.2000 0.9474
16.3100 0.6000
16.4200 0.2661
16.5300 0.5132
16.6400 0.9223
16.7500 1.0419
16.8600 1.1131
16.9700 1.1867
17.0800 0.9003
17.1900 0.4476
17.3000 0.5124
17.4100 0.9675
17.5200 1.4232
17.6300 1.3832
17.7400 1.5726
17.8500 1.4378
17.9600 1.0910
18.0700 0.8941
18.1800 0.9440
18.2900 1.1085
18.4000 1.0844
18.5100 0.8913
18.6200 0.8369
18.7300 0.8592
18.8400 0.9175
18.9500 1.0103
19.0600 1.0963
19.1700 1.1337
19.2800 1.0883
19.3900 1.0235
19.5000 1.0042
19.6100 1.0100
19.7200 0.8949
19.8300 0.7306
19.9400 0.6696
20.0500 0.7420
20.1600 0.8899
20.2700 1.0552
20.3800 1.2178
20.4900 1.2743
20.6000 1.1840
20.7100 1.0778
20.8200 1.0046
20.9300 1.0025
21.0400 1.0116
21.1500 1.0002
21.2600 0.9698
21.3700 0.9567
21.4800 0.9900
21.5900 1.0192
21.7000 1.0343
21.8100 1.0323
21.9200 1.0070
22.0300 0.9900
22.1400 0.9840
22.2500 0.9932
22.3600 0.9930
22.4700 0.9913
22.5800 0.9785
22.6900 0.9726
22.8000 0.9639
22.9100 0.9614
23.0200 0.9675
23.1300 0.9733
23.2400 0.9823
23.3500 0.9873
23.4600 1.0046
23.5700 1.0199
23.6800 1.0301
23.7900 1.0342
23.9000 1.0244
24.0100 0.9916
24.1200 0.9580
24.2300 0.9388
24.3400 0.9038
24.4500 0.9004
24.5600 0.8593
24.6700 0.8887
24.7800 0.9225
24.8900 0.9648
25.0000 1.0209
25.1100 1.0678
25.2200 1.0667
25.3300 1.0409
25.4400 1.0144
25.5500 1.0066
25.6600 0.9908
25.7700 1.0070
25.8800 0.9831
25.9900 0.9528
26.1000 0.9827
26.2100 1.0197
26.3200 1.0556
26.4300 1.0583
26.5400 1.0755
26.6500 1.0666
26.7600 0.9621
26.8700 0.9056
26.9800 0.8380
27.0900 0.7833
27.2000 0.7552
27.3100 0.7627
27.4200 0.8329
27.5300 0.9256
27.6400 1.0048
27.7500 1.0440
27.8600 1.0271
27.9700 1.0124
28.0800 0.9674
28.1900 0.9466
28.3000 0.9380
28.4100 0.9317
28.5200 0.9398
28.6300 0.9680
28.7400 0.9936
28.8500 1.0170
28.9600 1.0411
29.0700 1.0511
29.1800 1.0309
29.2900 0.9958
29.4000 0.9868
29.5100 0.9863
29.6200 0.9811
29.7300 0.9747
29.8400 0.9847
29.9500 0.9923
30.0600 0.9933
30.1700 0.9788
30.2800 0.9611
30.3900 0.9371
30.5000 0.9260
30.6100 0.9349
30.7200 0.9561
30.8300 0.9944
30.9400 1.0338
31.0500 1.0467
31.1600 1.0364
31.2700 1.0136
31.3800 0.9922
31.4900 0.9821
31.6000 0.9695
31.7100 0.9553
31.8200 0.9451
31.9300 0.9380
32.0400 0.9451
32.1500 0.9493
32.2600 0.9660
32.3700 1.0007
32.4800 1.0335
32.5900 1.0442
32.7000 1.0459
32.8100 1.0391
32.9200 1.0343
33.0300 1.0202
33.1400 1.0115
33.2500 1.0080
33.3600 1.0118
33.4700 1.0304
33.5800 1.0438
33.6900 1.0461
33.8000 1.0187
33.9100 0.9407
34.0200 0.8096
34.1300 0.6171
34.2400 0.4079
34.3500 0.2076
34.4600 0.0385
34.5700 -0.0908
34.6800 -0.1992
34.7900 -0.2762
34.9000 -0.3190
35.0100 -0.3316
35.1200 -0.3202
35.2300 -0.2650
35.3400 -0.1923
35.4500 -0.1481
35.5600 -0.1474
35.6700 -0.1483
35.7800 -0.1478
35.8900 -0.1630
36.0000 -0.1717
36.1100 -0.1586
36.2200 -0.1465
36.3300 -0.1766
36.4400 -0.2053
36.5500 -0.2185
36.6600 -0.2217
36.7700 -0.2210
36.8800 -0.2211
36.9900 -0.2082
37.1000 -0.2006
37.2100 -0.2004
37.3200 -0.1979
37.4300 -0.1974
37.5400 -0.2095
37.6500 -0.2366
37.7600 -0.2832
37.8700 -0.2958
37.9800 -0.2847
38.0900 -0.2660
38.2000 -0.2173
38.3100 -0.1726
38.4200 -0.1356
38.5300 -0.1226
38.6400 -0.1257
38.7500 -0.1452
38.8600 -0.1709
38.9700 -0.1743
39.0800 -0.1789
39.1900 -0.1968
39.3000 -0.1987
39.4100 -0.1820
39.5200 -0.1731
39.6300 -0.1788
39.7400 -0.1723
39.8500 -0.1617
39.9600 -0.1662
40.0700 -0.1808
40.1800 -0.1848
40.2900 -0.1846
40.4000 -0.1965
40.5100 -0.2030
40.6200 -0.2111
40.7300 -0.2233
40.8400 -0.2503
40.9500 -0.2697
41.0600 -0.2676
41.1700 -0.2474
41.2800 -0.2187
41.3900 -0.1790
41.5000 -0.1479
41.6100 -0.1415
41.7200 -0.1561
41.8300 -0.1881
41.9400 -0.1999
42.0500 -0.1968
42.1600 -0.1791
42.2700 -0.1660
42.3800 -0.1686
42.4900 -0.1743
42.6000 -0.1926
42.7100 -0.2388
42.8200 -0.2883
42.9300 -0.3139
43.0400 -0.2661
43.1500 -0.1104
43.2600 0.1623
43.3700 0.4921
43.4800 0.7767
43.5900 0.9621
43.7000 1.0291
43.8100 0.9960
43.9200 0.9402
44.0300 0.9079
44.1400 0.8927
44.2500 0.8935
44.3600 0.8934
44.4700 0.8989
44.5800 0.9013
44.6900 0.9105
44.8000 0.9315
44.9100 0.9346
45.0200 0.9245
45.1300 0.9255
45.2400 0.9450
45.3500 0.9710
45.4600 0.9956
45.5700 1.0069
45.6800 0.9930
45.7900 0.9756
45.9000 0.9573
46.0100 0.9516
46.1200 0.9625
46.2300 0.9865
46.3400 1.0115
46.4500 1.0292
46.5600 1.0164
46.6700 0.9596
46.7800 0.8392
46.8900 0.6732
47.0000 0.4828
47.1100 0.2945
47.2200 0.1438
47.3300 0.0451
47.4400 0.0004
47.5500 -0.0060
47.6600 -0.0018
47.7700 -0.0042
47.8800 -0.0171
47.9900 -0.0374
48.1000 -0.0598
48.2100 -0.0845
48.3200 -0.1058
48.4300 -0.1218
48.5400 -0.1270
48.6500 -0.1251
48.7600 -0.1062
48.8700 -0.0717
48.9800 -0.0408
49.0900 -0.0141
