t trac brk
0.0000 0.3848 0.0000
0.5000 0.3848 0.0000
1.0000 0.3848 0.0000
1.5000 0.3848 0.0000
2.0000 0.3848 0.0000
2.5000 0.3848 0.0000
3.0000 0.3848 0.0000
3.5000 0.3848 0.0000
4.0000 0.3848 0.0000
4.5000 0.3848 0.0000
5.0000 0.3848 0.0000
5.5000 0.3848 0.0000
6.0000 0.3848 0.0000
6.5000 0.3848 0.0000
7.0000 0.3848 0.0000
7.5000 0.3848 0.0000
8.0000 0.3848 0.0000
8.5000 0.3848 0.0000
9.0000 0.3848 0.0000
9.5000 0.3848 0.0000
10.0000 0.3848 0.0000
10.5000 0.3848 0.0000
11.0000 0.3848 0.0000
11.5000 0.3848 0.0000
12.0000 0.3848 0.0000
12.5000 0.3848 0.0000
13.0000 0.3848 0.0000
13.5000 0.3848 0.0000
14.0000 0.3848 0.0000
14.5000 0.3848 0.0000
15.0000 0.3848 0.0000
15.5000 0.3848 0.0000
16.0000 0.3848 0.0000
16.5000 0.3848 0.0000
17.0000 0.3848 0.0000
17.5000 0.3848 0.0000
18.0000 0.3848 0.0000
18.5000 0.3848 0.0000
19.0000 0.3848 0.0000
19.5000 0.3848 0.0000
20.0000 0.3848 0.0000
20.5000 0.3848 0.0000
21.0000 0.3848 0.0000
21.5000 0.3848 0.0000
22.0000 0.3848 0.0000
22.5000 0.3848 0.0000
23.0000 0.3848 0.0000
23.5000 0.3848 0.0000
24.0000 0.3848 0.0000
24.5000 0.3848 0.0000
25.0000 0.3848 0.0000
25.5000 0.3848 0.0000
26.0000 0.3848 0.0000
26.5000 0.3848 0.0000
27.0000 0.3848 0.0000
27.5000 0.3848 0.0000
28.0000 0.3848 0.0000
28.5000 0.3848 0.0000
29.0000 0.3848 0.0000
29.5000 0.3848 0.0000
30.0000 0.3848 0.0000
30.5000 0.3848 0.0000
31.0000 0.3848 0.0000
31.5000 0.3848 0.0000
32.0000 0.3848 0.0000
32.5000 0.3848 0.0000
33.0000 0.3848 0.0000
33.5000 0.3848 0.0000
34.0000 0.3848 0.0000
34.5000 0.3848 0.0000
35.0000 0.3848 0.0000
35.5000 0.3848 0.0000
36.0000 0.3848 0.0000
36.5000 0.3848 0.0000
37.0000 0.3848 0.0000
37.5000 0.3848 0.0000
38.0000 0.3848 0.0000
38.5000 0.3848 0.0000
39.0000 0.3848 0.0000
39.5000 0.3848 0.0000
40.0000 0.3848 0.0000
40.5000 0.3848 0.0000
41.0000 0.3848 0.0000
41.5000 0.3848 0.0000
42.0000 0.3848 0.0000
42.5000 0.3848 0.0000
43.0000 0.3848 0.0000
43.5000 0.3848 0.0000
44.0000 0.3848 0.0000
44.5000 0.3848 0.0000
45.0000 0.3848 0.0000
45.5000 0.3848 0.0000
46.0000 0.3848 0.0000
46.5000 0.3848 0.0000
47.0000 0.3848 0.0000
47.5000 0.3848 0.0000
48.0000 0.3848 0.0000
48.5000 0.3848 0.0000
49.0000 0.3848 0.0000
49.5000 0.3848 0.0000
50.0000 0.3848 0.0000
50.5000 0.3848 0.0000
51.0000 0.3848 0.0000
51.5000 0.3848 0.0000
52.0000 0.3848 0.0000
52.5000 0.3848 0.0000
53.0000 0.3848 0.0000
53.5000 0.3848 0.0000
54.0000 0.3848 0.0000
54.5000 0.3848 0.0000
55.0000 0.3848 0.0000
55.5000 0.3848 0.0000
56.0000 0.3848 0.0000
56.5000 0.3848 0.0000
57.0000 0.3848 0.0000
57.5000 0.3848 0.0000
58.0000 0.3848 0.0000
58.5000 0.3848 0.0000
59.0000 0.3848 0.0000
59.5000 0.3848 0.0000
60.0000 0.3848 0.0000
60.5000 0.3848 0.0000
61.0000 0.3848 0.0000
61.5000 0.3848 0.0000
62.0000 0.3848 0.0000
62.5000 0.3848 0.0000
63.0000 0.3848 0.0000
63.5000 0.3848 0.0000
64.0000 0.3848 0.0000
64.5000 0.3848 0.0000
65.0000 0.3848 0.0000
65.5000 0.3848 0.0000
66.0000 0.3848 0.0000
66.5000 0.3848 0.0000
67.0000 0.3848 0.0000
67.5000 0.3848 0.0000
68.0000 0.3848 0.0000
68.5000 0.3848 0.0000
69.0000 0.3848 0.0000
69.5000 0.3848 0.0000
70.0000 0.3848 0.0000
70.5000 0.3848 0.0000
71.0000 0.3848 0.0000
71.5000 0.3848 0.0000
72.0000 0.3840 0.0016
72.5000 0.3130 0.1510
73.0000 0.1774 0.4453
73.5000 0.0493 0.7449
74.0000 0.0000 0.9102
74.5000 0.0000 0.9149
75.0000 0.0000 0.9150
75.5000 0.0000 0.9151
76.0000 0.0000 0.9153
76.5000 0.0000 0.9156
77.0000 0.0000 0.9159
77.5000 0.0000 0.9162
78.0000 0.0000 0.9166
78.5000 0.0000 0.9171
79.0000 0.0000 0.9176
79.5000 0.0000 0.9182
80.0000 0.0000 0.9188
80.5000 0.0000 0.9194
81.0000 0.0000 0.9201
81.5000 0.0000 0.9208
82.0000 0.0000 0.9216
82.5000 0.0000 0.9224
83.0000 0.0000 0.9233
83.5000 0.0000 0.9242
84.0000 0.0000 0.9251
84.5000 0.0000 0.9260
85.0000 0.0000 0.9270
85.5000 0.0000 0.9281
86.0000 0.0000 0.9291
86.5000 0.0000 0.9302
87.0000 0.0000 0.9313
87.5000 0.0000 0.9324
88.0000 0.0000 0.9336
88.5000 0.0000 0.9348
89.0000 0.0000 0.9360
89.5000 0.0000 0.9372
90.0000 0.0000 0.9385
90.5000 0.0000 0.9397
91.0000 0.0000 0.9410
91.5000 0.0000 0.9423
92.0000 0.0000 0.9436
92.5000 0.0000 0.9450
93.0000 0.0000 0.9463
93.5000 0.0000 0.9477
94.0000 0.0000 0.9490
94.5000 0.0000 0.9504
95.0000 0.0000 0.9518
95.5000 0.0000 0.9532
96.0000 0.0000 0.9545
96.5000 0.0000 0.9559
97.0000 0.0000 0.9573
97.5000 0.0000 0.9587
98.0000 0.0000 0.9601
98.5000 0.0000 0.9615
99.0000 0.0000 0.9629
99.5000 0.0000 0.9642
100.0000 0.0000 0.9656
100.5000 0.0000 0.9670
101.0000 0.0000 0.9683
101.5000 0.0000 0.9697
102.0000 0.0000 0.9710
102.5000 0.0000 0.9723
103.0000 0.0000 0.9736
103.5000 0.0000 0.9749
104.0000 0.0000 0.9762
104.5000 0.0000 0.9774
105.0000 0.0000 0.9787
105.5000 0.0000 0.9799
106.0000 0.0000 0.9811
106.5000 0.0000 0.9823
107.0000 0.0000 0.9834
107.5000 0.0000 0.9845
108.0000 0.0000 0.9856
108.5000 0.0000 0.9867
109.0000 0.0000 0.9877
109.5000 0.0000 0.9887
110.0000 0.0000 0.9896
110.5000 0.0000 0.9906
111.0000 0.0000 0.9915
111.5000 0.0000 0.9923
112.0000 0.0000 0.9931
112.5000 0.0000 0.9939
113.0000 0.0000 0.9947
113.5000 0.0000 0.9954
114.0000 0.0000 0.9960
114.5000 0.0000 0.9966
115.0000 0.0000 0.9972
115.5000 0.0000 0.9977
116.0000 0.0000 0.9982
116.5000 0.0000 0.9986
117.0000 0.0000 0.9990
117.5000 0.0000 0.9993
118.0000 0.0000 0.9995
118.5000 0.0000 0.9997
119.0000 0.0000 0.9999
119.5000 0.0000 1.0000
120.0000 0.0000 1.0000
