s_km grade_pct kappa vmax_kmh
0.00000 -0.32280 0.00000 19.31213
0.10000 0.59526 -0.00095 19.31213
0.20000 1.51057 -0.00127 19.31213
0.30000 2.18750 -0.00000 19.31213
0.39000 2.49922 0.00225 19.31213
0.48000 2.49922 0.00273 19.31213
0.58000 2.49922 0.00064 19.31213
0.67000 2.44140 -0.00187 19.31213
0.76000 1.62343 -0.00335 19.31213
0.86000 1.56973 -0.00360 19.31213
0.96000 1.76306 -0.00363 19.31213
1.06000 1.77787 -0.00358 19.31213
1.16000 1.71836 -0.00219 19.31213
1.26000 1.47512 0.00122 19.31213
1.36000 1.43201 0.00333 19.31213
1.46000 1.41246 0.00304 19.31213
1.56000 1.28075 0.00113 19.31213
1.66000 1.18172 0.00044 19.31213
1.76000 1.20004 0.00054 19.31213
1.86000 1.19179 0.00006 19.31213
1.96000 1.01689 0.00000 19.31213
2.06000 0.69486 0.00001 19.31213
2.16000 0.55495 -0.00002 19.31213
2.26000 0.54576 0.00001 19.31213
2.36000 0.57157 -0.00000 19.31213
2.46000 0.59116 0.00001 19.31213
2.55000 0.63313 0.00002 19.31213
2.65000 0.69831 -0.00003 19.31213
2.73000 0.70539 0.00000 19.31213
2.83000 0.74348 -0.00000 19.31213
2.93000 0.76150 -0.00001 19.31213
3.03000 0.85237 -0.00000 19.31213
3.13000 0.93679 0.00003 19.31213
3.23000 1.02414 -0.00000 19.31213
3.33000 1.02595 -0.00026 19.31213
3.43000 0.92627 -0.00019 19.31213
3.53000 0.70100 0.00026 19.31213
3.63000 0.48857 0.00055 19.31213
3.73000 0.21343 -0.00018 19.31213
3.83000 0.06241 -0.00005 19.31213
3.93000 -0.03262 -0.00046 19.31213
4.03000 -0.04128 -0.00028 19.31213
4.13000 -0.01165 -0.00001 19.31213
4.23000 0.02816 -0.00001 19.31213
4.33000 0.06536 -0.00000 19.31213
4.43000 0.09801 0.00001 19.31213
4.53000 0.12419 0.00003 19.31213
4.63000 0.13823 -0.00003 19.31213
4.73000 0.14979 -0.00002 19.31213
4.83000 0.15094 0.00001 19.31213
4.93000 0.14029 0.00000 19.31213
5.03000 0.11994 0.00000 19.31213
5.13000 0.09104 0.00001 19.31213
5.23000 0.05243 0.00001 19.31213
5.33000 -0.01546 -0.00001 19.31213
5.43000 -0.15176 -0.00001 19.31213
5.53000 -0.07639 0.00033 19.31213
5.63000 0.17417 0.00032 19.31213
5.73000 0.48818 -0.00041 19.31213
5.83000 0.71122 -0.00023 19.31213
5.93000 0.83995 0.00000 19.31213
6.03000 0.96378 0.00000 19.31213
6.13000 1.03897 0.00001 19.31213
6.23000 0.88831 -0.00001 19.31213
6.33000 0.68440 0.00001 19.31213
6.43000 0.61407 -0.00000 19.31213
6.53000 0.72101 -0.00000 19.31213
6.63000 0.77282 -0.00000 19.31213
6.73000 0.70323 0.00000 19.31213
6.83000 0.59990 -0.00000 19.31213
6.93000 0.62412 0.00000 19.31213
7.03000 0.67097 0.00000 19.31213
7.13000 0.64196 -0.00000 19.31213
7.23000 0.56532 -0.00000 19.31213
7.33000 0.55166 0.00000 19.31213
7.43000 0.56589 -0.00000 19.31213
7.53000 0.52996 -0.00000 19.31213
7.63000 0.41675 -0.00002 19.31213
7.72000 0.31467 -0.00001 64.37376
7.82000 0.25723 0.00000 64.37376
7.92000 0.20609 0.00000 64.37376
8.02000 0.17605 0.00000 64.37376
8.12000 0.19549 0.00000 64.37376
8.22000 0.27188 -0.00000 64.37376
8.32000 0.32360 -0.00000 64.37376
8.42000 0.34381 -0.00000 64.37376
8.52000 0.32696 0.00000 64.37376
8.62000 0.27181 0.00000 64.37376
8.72000 0.21049 -0.00000 64.37376
8.82000 0.19085 0.00000 64.37376
8.92000 0.29075 0.00000 64.37376
9.02000 0.43673 0.00000 64.37376
9.12000 0.52679 0.00000 64.37376
9.22000 0.58454 -0.00000 64.37376
9.32000 0.61845 -0.00000 64.37376
9.42000 0.61948 -0.00000 64.37376
9.52000 0.59507 -0.00000 64.37376
9.62000 0.55891 0.00000 64.37376
9.72000 0.61260 0.00000 64.37376
9.82000 0.70165 -0.00000 64.37376
9.92000 0.74485 0.00000 64.37376
10.02000 0.72795 0.00000 64.37376
10.12000 0.77877 0.00002 64.37376
10.22000 0.83192 0.00003 64.37376
10.32000 0.84582 0.00001 64.37376
10.42000 0.78483 -0.00000 64.37376
10.52000 0.72707 -0.00000 64.37376
10.62000 0.63090 0.00000 64.37376
10.72000 0.47294 0.00000 64.37376
10.82000 0.23588 0.00000 64.37376
10.92000 0.07044 -0.00000 64.37376
11.02000 -0.02550 0.00000 64.37376
11.12000 -0.08812 0.00000 64.37376
11.22000 -0.08706 -0.00007 64.37376
11.32000 -0.01636 -0.00001 64.37376
11.42000 0.05955 0.00006 64.37376
11.52000 0.06689 -0.00002 64.37376
11.62000 -0.02164 -0.00040 64.37376
11.72000 -0.07444 -0.00067 64.37376
11.82000 -0.09536 -0.00030 64.37376
11.92000 -0.09916 -0.00022 64.37376
12.02000 -0.04412 -0.00026 64.37376
12.12000 -0.99132 -0.00009 64.37376
12.22000 -0.61427 0.00018 64.37376
12.32000 -0.30252 0.00018 64.37376
12.42000 -0.07758 -0.00030 64.37376
12.52000 0.45459 -0.00007 64.37376
12.62000 1.32253 0.00001 64.37376
12.72000 2.11186 -0.00005 64.37376
12.82000 2.49922 0.00002 64.37376
12.92000 2.23893 -0.00059 64.37376
13.02000 2.17992 -0.00051 64.37376
13.12000 1.81714 -0.00045 64.37376
13.22000 1.20745 -0.00057 64.37376
13.32000 0.66676 -0.00060 64.37376
13.42000 0.43636 -0.00023 64.37376
13.52000 0.33106 0.00001 64.37376
13.62000 0.45307 -0.00003 64.37376
13.72000 0.81097 0.00007 64.37376
13.82000 1.15342 0.00004 64.37376
13.92000 1.35887 -0.00002 64.37376
14.02000 1.46844 -0.00003 64.37376
14.12000 1.49526 0.00009 64.37376
14.22000 1.27047 0.00047 64.37376
14.32000 1.01579 0.00051 64.37376
14.42000 0.74595 0.00056 64.37376
14.52000 0.52920 0.00034 64.37376
14.62000 0.36571 0.00008 64.37376
14.72000 0.26179 -0.00001 64.37376
14.82000 0.31667 -0.00000 64.37376
14.92000 0.33646 0.00001 64.37376
15.02000 0.44208 0.00001 64.37376
15.12000 0.86515 0.00001 64.37376
15.22000 1.31875 0.00000 64.37376
15.32000 1.51516 0.00011 64.37376
15.42000 1.68344 0.00002 64.37376
15.52000 1.62737 -0.00012 64.37376
15.62000 1.65179 0.00000 64.37376
15.72000 1.61051 0.00003 64.37376
15.82000 1.36652 0.00002 64.37376
15.92000 1.23994 -0.00004 64.37376
16.02000 1.23100 -0.00005 64.37376
16.12000 1.00239 0.00004 64.37376
16.22000 0.89677 0.00006 64.37376
16.32000 0.55962 -0.00001 64.37376
16.42000 0.26607 -0.00003 64.37376
16.52000 0.47530 0.00013 64.37376
16.62000 0.87054 0.00030 64.37376
16.72000 1.04004 0.00046 64.37376
16.82000 1.06823 0.00047 64.37376
16.92000 1.20181 0.00062 64.37376
17.02000 1.10634 0.00049 64.37376
17.12000 0.75790 0.00049 64.37376
17.22000 0.39244 0.00047 64.37376
17.32000 0.58799 0.00038 64.37376
17.42000 1.02222 0.00049 64.37376
17.52000 1.42320 0.00038 64.37376
17.62000 1.37847 0.00047 64.37376
17.72000 1.54891 0.00072 64.37376
17.82000 1.49533 0.00001 64.37376
17.92000 1.24298 -0.00009 64.37376
18.02000 0.85529 -0.00013 64.37376
18.12000 0.92270 0.00021 64.37376
18.22000 0.98393 0.00024 64.37376
18.32000 1.15716 -0.00009 64.37376
18.42000 1.01837 -0.00002 64.37376
18.52000 0.88294 0.00000 64.37376
18.62000 0.83694 -0.00003 64.37376
18.72000 0.85418 0.00002 64.37376
18.82000 0.90587 -0.00010 64.37376
18.92000 0.98364 -0.00011 64.37376
19.02000 1.06926 -0.00003 64.37376
19.12000 1.12393 -0.00015 64.37376
19.22000 1.12617 0.00013 64.37376
19.32000 1.05996 0.00015 64.37376
19.42000 1.01282 0.00001 64.37376
19.52000 1.00558 0.00004 64.37376
19.62000 1.00669 0.00001 64.37376
19.72000 0.89491 -0.00002 64.37376
19.82000 0.74165 -0.00012 64.37376
19.92000 0.67194 -0.00052 64.37376
20.02000 0.71089 -0.00065 64.37376
20.12000 0.83127 -0.00035 64.37376
20.22000 0.97853 -0.00037 64.37376
20.32000 1.13305 -0.00026 64.37376
20.42000 1.25917 -0.00007 64.37376
20.52000 1.26211 -0.00012 64.37376
20.62000 1.16349 -0.00011 64.37376
20.72000 1.06682 -0.00004 64.37376
20.82000 1.00456 0.00017 64.37376
20.92000 1.00160 0.00010 64.37376
21.02000 1.01035 -0.00008 64.37376
21.12000 1.00061 -0.00005 64.37376
21.22000 0.99021 -0.00008 64.37376
21.32000 0.95278 -0.00005 64.37376
21.42000 0.97065 0.00008 64.37376
21.52000 0.99913 0.00015 64.37376
21.62000 1.02590 -0.00010 64.37376
21.72000 1.03450 -0.00007 64.37376
21.82000 1.03203 0.00000 64.37376
21.92000 1.00695 0.00000 64.37376
22.02000 0.99044 0.00002 64.37376
22.12000 0.98425 0.00009 64.37376
22.22000 0.99021 -0.00002 64.37376
22.32000 0.99287 -0.00005 64.37376
22.42000 0.99402 0.00002 64.37376
22.52000 0.98597 0.00001 64.37376
22.62000 0.97741 -0.00003 64.37376
22.72000 0.96936 -0.00000 64.37376
22.82000 0.96320 -0.00002 64.37376
22.92000 0.96156 0.00003 64.37376
23.02000 0.96753 0.00002 64.37376
23.12000 0.97275 -0.00004 64.37376
23.22000 0.98059 -0.00003 64.37376
23.32000 0.98558 0.00002 64.37376
23.42000 0.99779 0.00002 64.37376
23.52000 1.01253 -0.00004 64.37376
23.62000 1.02463 0.00003 64.37376
23.72000 1.03285 0.00007 64.37376
23.82000 1.03280 -0.00004 64.37376
23.92000 1.02006 -0.00002 64.37376
24.02000 0.98830 -0.00003 64.37376
24.12000 0.95797 0.00026 64.37376
24.22000 0.94045 0.00053 64.37376
24.32000 0.91661 0.00066 64.37376
24.42000 0.89614 0.00059 64.37376
24.52000 0.86639 0.00044 64.37376
24.62000 0.87288 0.00049 64.37376
24.72000 0.90450 0.00050 64.37376
24.82000 0.93605 0.00006 64.37376
24.92000 0.97912 0.00015 64.37376
25.02000 1.03076 -0.00008 64.37376
25.12000 1.06892 -0.00002 64.37376
25.22000 1.06668 0.00002 64.37376
25.32000 1.04810 -0.00006 64.37376
25.42000 1.01523 -0.00003 64.37376
25.52000 1.01043 0.00003 64.37376
25.62000 0.98643 0.00001 64.37376
25.72000 1.00052 0.00000 64.37376
25.82000 1.00809 -0.00007 64.37376
25.92000 0.95412 0.00008 64.37376
26.02000 0.95972 0.00006 64.37376
26.12000 0.98987 -0.00024 64.37376
26.22000 1.02299 0.00009 64.37376
26.32000 1.05555 0.00025 64.37376
26.42000 1.05710 -0.00011 64.37376
26.52000 1.07343 -0.00005 64.37376
26.62000 1.07625 0.00023 64.37376
26.72000 0.99940 0.00074 64.37376
26.82000 0.93009 0.00116 64.37376
26.92000 0.87793 0.00124 64.37376
27.02000 0.81136 0.00116 64.37376
27.12000 0.77762 0.00058 64.37376
27.22000 0.75088 -0.00006 64.37376
27.32000 0.76697 -0.00036 64.37376
27.42000 0.83286 -0.00098 64.37376
27.52000 0.91733 -0.00122 64.37376
27.62000 0.99285 -0.00105 64.37376
27.72000 1.04074 -0.00121 64.37376
27.82000 1.03572 -0.00118 64.37376
27.92000 1.02065 -0.00116 64.37376
28.02000 0.99222 -0.00076 64.37376
28.12000 0.95823 -0.00019 64.37376
28.22000 0.94308 0.00008 64.37376
28.32000 0.93775 -0.00002 64.37376
28.42000 0.93213 -0.00005 64.37376
28.52000 0.93983 -0.00001 64.37376
28.62000 0.96575 -0.00004 64.37376
28.72000 0.98948 0.00002 64.37376
28.82000 1.01075 0.00008 64.37376
28.92000 1.03187 0.00002 64.37376
29.02000 1.05173 -0.00003 64.37376
29.12000 1.04527 -0.00004 64.37376
29.22000 1.01710 0.00005 64.37376
29.32000 0.98872 -0.00002 64.37376
29.42000 0.98697 -0.00001 64.37376
29.52000 0.98571 -0.00001 64.37376
29.62000 0.98106 -0.00002 64.37376
29.72000 0.97494 0.00003 64.37376
29.82000 0.98233 0.00000 64.37376
29.92000 0.99030 0.00000 64.37376
30.02000 0.99430 -0.00000 64.37376
30.12000 0.98650 -0.00003 64.37376
30.22000 0.97148 0.00001 64.37376
30.32000 0.95169 -0.00012 64.37376
30.42000 0.93215 -0.00055 64.37376
30.52000 0.92698 -0.00079 64.37376
30.62000 0.93588 -0.00086 64.37376
30.72000 0.95615 -0.00081 64.37376
30.82000 0.99044 -0.00025 64.37376
30.92000 1.02775 -0.00001 64.37376
31.02000 1.04612 0.00000 64.37376
31.12000 1.04090 0.00000 64.37376
31.22000 1.02674 -0.00000 64.37376
31.32000 1.00132 0.00000 64.37376
31.42000 0.98672 0.00000 64.37376
31.52000 0.97917 0.00000 64.37376
31.62000 0.96690 0.00001 64.37376
31.72000 0.95423 -0.00000 64.37376
31.82000 0.94515 -0.00001 64.37376
31.92000 0.93818 -0.00001 64.37376
32.02000 0.94376 -0.00002 64.37376
32.12000 0.94902 0.00001 64.37376
32.22000 0.95670 0.00001 64.37376
32.32000 0.98517 0.00000 64.37376
32.42000 1.01719 -0.00000 64.37376
32.52000 1.03944 -0.00000 64.37376
32.62000 1.04547 0.00001 64.37376
32.72000 1.04536 0.00001 64.37376
32.82000 1.03815 0.00000 64.37376
32.92000 1.03427 0.00000 64.37376
33.02000 1.02182 0.00006 64.37376
33.12000 1.01276 0.00034 64.37376
33.22000 1.00917 0.00075 64.37376
33.32000 1.00985 0.00084 64.37376
33.42000 1.01936 0.00087 64.37376
33.52000 1.03857 0.00088 64.37376
33.62000 1.04549 0.00055 64.37376
33.72000 1.04381 0.00023 64.37376
33.82000 1.00770 0.00001 64.37376
33.92000 0.93137 0.00005 64.37376
34.02000 0.80958 -0.00001 64.37376
34.12000 0.63581 -0.00004 64.37376
34.22000 0.44543 0.00006 64.37376
34.32000 0.26026 -0.00003 64.37376
34.42000 0.09514 -0.00001 64.37376
34.52000 -0.03463 0.00001 64.37376
34.62000 -0.14187 -0.00001 64.37376
34.72000 -0.23071 0.00001 64.37376
34.82000 -0.29224 -0.00006 64.37376
34.92000 -0.32193 -0.00034 64.37376
35.02000 -0.33099 -0.00041 64.37376
35.12000 -0.32025 -0.00034 64.37376
35.22000 -0.27127 -0.00037 64.37376
35.32000 -0.20451 -0.00036 64.37376
35.42000 -0.15506 -0.00033 64.37376
35.52000 -0.14688 -0.00043 64.37376
35.62000 -0.14837 -0.00042 64.37376
35.72000 -0.14577 -0.00034 64.37376
35.82000 -0.15274 -0.00035 64.37376
35.92000 -0.16675 -0.00023 64.37376
36.02000 -0.17160 -0.00010 64.37376
36.12000 -0.15680 0.00001 64.37376
36.22000 -0.14647 -0.00001 64.37376
36.32000 -0.17337 -0.00001 64.37376
36.42000 -0.20025 0.00003 64.37376
36.52000 -0.21694 -0.00003 64.37376
36.62000 -0.22137 -0.00001 64.37376
36.72000 -0.22133 0.00005 64.37376
36.82000 -0.22179 -0.00005 64.37376
36.92000 -0.21810 -0.00001 64.37376
37.02000 -0.20452 0.00001 64.37376
37.12000 -0.20069 -0.00001 64.37376
37.22000 -0.20024 -0.00000 64.37376
37.32000 -0.19793 -0.00001 64.37376
37.42000 -0.19696 0.00002 64.37376
37.52000 -0.20610 0.00001 64.37376
37.62000 -0.22769 -0.00001 64.37376
37.72000 -0.26668 -0.00001 64.37376
37.82000 -0.29004 -0.00002 64.37376
37.92000 -0.29594 -0.00003 64.37376
38.02000 -0.28123 -0.00004 64.37376
38.12000 -0.25433 -0.00039 64.37376
38.22000 -0.20796 -0.00078 64.37376
38.32000 -0.16911 -0.00086 64.37376
38.42000 -0.13562 -0.00083 64.37376
38.52000 -0.12160 -0.00088 64.37376
38.62000 -0.12437 -0.00085 64.37376
38.72000 -0.14023 -0.00076 64.37376
38.82000 -0.15698 -0.00097 64.37376
38.92000 -0.17549 -0.00090 64.37376
39.02000 -0.17309 -0.00090 64.37376
39.12000 -0.18570 -0.00082 64.37376
39.22000 -0.19904 -0.00081 64.37376
39.32000 -0.19687 -0.00090 64.37376
39.42000 -0.17988 -0.00089 64.37376
39.52000 -0.17307 -0.00085 64.37376
39.62000 -0.17858 -0.00090 64.37376
39.72000 -0.17405 -0.00087 64.37376
39.82000 -0.16428 -0.00060 64.37376
39.92000 -0.16277 -0.00015 64.37376
40.02000 -0.17431 0.00001 64.37376
40.12000 -0.18473 0.00003 64.37376
40.22000 -0.18283 0.00001 64.37376
40.32000 -0.18772 -0.00003 64.37376
40.42000 -0.19824 -0.00002 64.37376
40.52000 -0.20320 0.00000 64.37376
40.62000 -0.21115 0.00001 64.37376
40.72000 -0.22190 0.00024 64.37376
40.82000 -0.24435 0.00089 64.37376
40.92000 -0.26551 0.00116 64.37376
41.02000 -0.27262 0.00119 64.37376
41.12000 -0.25704 0.00118 64.37376
41.22000 -0.23689 0.00119 64.37376
41.32000 -0.20428 0.00113 64.37376
41.42000 -0.16840 0.00089 64.37376
41.52000 -0.14448 0.00033 64.37376
41.62000 -0.14207 0.00002 64.37376
41.72000 -0.15611 0.00003 64.37376
41.82000 -0.18550 0.00003 64.37376
41.92000 -0.19958 -0.00001 64.37376
42.02000 -0.19895 -0.00005 64.37376
42.12000 -0.18698 0.00005 64.37376
42.22000 -0.16873 0.00004 64.37376
42.32000 -0.16611 -0.00001 64.37376
42.42000 -0.17058 0.00021 64.37376
42.52000 -0.17682 0.00078 64.37376
42.62000 -0.19960 0.00112 64.37376
42.72000 -0.24319 0.00116 64.37376
42.82000 -0.28830 0.00116 64.37376
42.92000 -0.31378 0.00112 64.37376
43.02000 -0.28273 0.00119 64.37376
43.12000 -0.16361 0.00114 64.37376
43.22000 0.05055 0.00107 64.37376
43.32000 0.34175 0.00111 64.37376
43.42000 0.63307 0.00068 64.37376
43.52000 0.85836 0.00010 64.37376
43.62000 0.99177 0.00001 64.37376
43.72000 1.02902 0.00005 64.37376
43.82000 0.99089 -0.00001 64.37376
43.92000 0.94015 -0.00011 64.37376
44.02000 0.91052 -0.00057 64.37376
44.12000 0.89406 -0.00109 64.37376
44.22000 0.89222 -0.00114 64.37376
44.32000 0.89364 -0.00114 64.37376
44.42000 0.89592 -0.00118 64.37376
44.52000 0.90027 -0.00119 64.37376
44.62000 0.90383 -0.00110 64.37376
44.72000 0.91530 -0.00102 64.37376
44.82000 0.93416 -0.00124 64.37376
44.92000 0.93392 -0.00117 64.37376
45.02000 0.92448 -0.00064 64.37376
45.12000 0.92493 -0.00010 64.37376
45.22000 0.94069 -0.00001 64.37376
45.32000 0.96351 -0.00001 64.37376
45.42000 0.98797 -0.00000 64.37376
45.52000 1.00414 -0.00001 64.37376
45.62000 1.00274 -0.00001 64.37376
45.72000 0.98663 -0.00001 64.37376
45.82000 0.97072 -0.00000 64.37376
45.92000 0.95522 0.00004 64.37376
46.02000 0.95166 0.00002 64.37376
46.12000 0.96247 -0.00002 64.37376
46.22000 0.98398 -0.00001 64.37376
46.32000 1.00633 0.00001 64.37376
46.42000 1.02714 0.00001 64.37376
46.52000 1.02467 -0.00000 64.37376
46.62000 0.99374 -0.00000 64.37376
46.72000 0.91146 0.00002 64.37376
46.82000 0.78174 0.00002 64.37376
46.92000 0.62354 -0.00001 64.37376
47.02000 0.44724 -0.00003 64.37376
47.12000 0.27886 -0.00000 64.37376
47.22000 0.14385 0.00000 64.37376
47.32000 0.05175 -0.00002 64.37376
47.42000 0.00532 0.00000 64.37376
47.52000 -0.00634 0.00003 64.37376
47.62000 -0.00278 -0.00000 64.37376
47.72000 -0.00124 -0.00001 64.37376
47.82000 -0.00942 0.00000 64.37376
47.92000 -0.02470 0.00001 64.37376
48.02000 -0.04227 0.00000 64.37376
48.12000 -0.06446 -0.00003 64.37376
48.22000 -0.08673 -0.00002 64.37376
48.32000 -0.10584 0.00005 64.37376
48.42000 -0.12096 0.00024 64.37376
48.52000 -0.12730 0.00039 64.37376
48.62000 -0.12614 0.00024 64.37376
48.72000 -0.11427 0.00024 64.37376
48.82000 -0.08638 0.00029 64.37376
48.92000 -0.05871 0.00028 64.37376
49.02000 -0.02870 0.00028 64.37376
